"Genus"	"baseMean"	"log2FoldChange"	"lfcSE"	"stat"	"pvalue"	"padj"
"Fluoribacter"	29.1499177650624	-7.77698377430044	0.835040970901847	-9.31329604809843	1.23925646340978e-20	1.46727965267718e-18
"Coraliomargarita"	107.147114218693	-6.03668292345504	0.742269586989821	-8.13273644678886	4.19706472492864e-16	3.10582789644719e-14
"Nautilia"	41.1332495121794	-5.96323962031836	0.815351414281067	-7.31370488340469	2.59875567510728e-13	1.39860305423955e-11
"Collimonas"	8.85671130521697	-5.55369974435786	1.58127499693249	-3.5121656607051	0.000444470853477832	0.0019490870019176
"Cylindrospermopsis"	13.8452584158434	-5.17702700485152	0.837990210718299	-6.17790868990454	6.49562616510399e-10	2.02390036302187e-08
"Parachlamydia"	20.1796056707063	-5.10536776180615	0.505578843727479	-10.0980644762859	5.6343221881187e-24	8.33879683841568e-22
"Ethanoligenens"	620.060383046826	-4.75673077743193	0.572118468891695	-8.31424090651478	9.23414045523823e-17	7.80944449928719e-15
"Fervidobacterium"	43.2956513089682	-4.70212331403881	0.674318407034473	-6.97314987250291	3.09922146824185e-12	1.52894925766598e-10
"Mesoplasma"	10.4275669247343	-4.63334850490016	0.699929325190461	-6.61973764799661	3.59836918030124e-11	1.33139659671146e-09
"Kosmotoga"	14.966582230112	-4.5355513535559	0.721153227852236	-6.28930326924258	3.1889395020143e-10	1.04880676955137e-08
"Oxalobacter"	60.5856924432988	-4.50574473141016	0.506427316757447	-8.89712024276167	5.73143956825063e-19	5.65502037400729e-17
"Marinococcus"	2.73027474773229	-4.34859032925945	1.33899468722901	-3.24765316153619	0.00116361018424292	0.00420034895775493
"Leptospirillum"	2.05209319742755	-4.23179083327001	1.42708080258499	-2.96534774036944	0.00302340965047477	0.00972749191891881
"Mucilaginibacter"	80.8639868029439	-4.01606852903549	0.593216947806532	-6.76998279277966	1.28797713242339e-11	5.44630330281889e-10
"Ornithobacterium"	1.27762060971936	-3.65348040031248	0.750252359703226	-4.86966865623411	1.11785536621281e-06	1.56341493032633e-05
"Nitratiruptor"	12.4038606712121	-3.44242194508887	0.621801779939987	-5.5362047136969	3.09096267289985e-08	6.77722186058042e-07
"Fulvimarina"	33.5239398894693	-3.36112327833809	0.695884088702749	-4.83000449773728	1.36529966449915e-06	1.75708130735543e-05
"Limnobacter"	20.0938996466473	-3.32158370950933	0.71448162218322	-4.64894212304533	3.33641808823176e-06	3.79838366967924e-05
"Persephonella"	5.25588979026525	-3.28090604197078	0.653515427583604	-5.02039569915287	5.15651444466104e-07	8.62392493178154e-06
"Hoeflea"	29.7520421059031	-3.24765215025543	0.621165996235702	-5.22831605389924	1.71060908670533e-07	3.16462681040486e-06
"Lyngbya"	13.6832500379366	-3.20220548500647	0.661761394566555	-4.83891250124052	1.30551502133557e-06	1.71747753917924e-05
"Gemmatimonas"	47.2758136081417	-3.1818940598319	0.410447479121251	-7.75225630973345	9.02739445215023e-15	5.93801946185882e-13
"Methylovorus"	26.1022861517449	-3.0410301580494	0.730445573159416	-4.16325359450938	3.13744576530557e-05	0.000223779264224205
"Dokdonia"	40.2318428103407	-3.03662876434566	0.52717880688008	-5.76014954454802	8.40394458611928e-09	2.16310225868809e-07
"Pediococcus"	52.8136456424427	-2.92395022519999	0.445993393203586	-6.55603932649574	5.52556650400686e-11	1.92419727668945e-09
"Ochrobactrum"	23.1084977012484	1.9722040017462	0.442665964048125	4.45528719603975	8.37809634581454e-06	7.87275085194001e-05
"Klebsiella"	101.864153798318	1.99247882772209	0.712142238158727	2.79786638252736	0.00514413882228498	0.0147117400134913
"Methylobacterium"	97.8405447388862	2.09255248522395	0.416159163815719	5.02825040793901	4.94975236787398e-07	8.61839235818058e-06
"Orientia"	0.586445247751696	2.1497379513323	0.796374030534874	2.69940740017409	0.00694630837977454	0.0184994353372217
"Enterobacter"	97.650198580926	2.32476077685933	0.708632081929867	3.28063156628211	0.0010357494537968	0.00380847004129008
"Nitrobacter"	59.9653677926978	2.36410584108684	0.424309209551108	5.57165809242724	2.52326247054335e-08	5.97508553024664e-07
"Escherichia"	246.20043886845	2.45082918916475	0.526975966845008	4.65074186179267	3.30743106586824e-06	3.79838366967924e-05
"Fusobacterium"	42.3050745797197	2.4792956082188	0.544858837458432	4.55034485589663	5.3558064680964e-06	5.4666162570915e-05
"unclassified..derived.from.Rickettsiales."	61.0074194425312	2.51077675409244	0.548397985251762	4.57838435153947	4.68581111762065e-06	4.95357175291326e-05
"Pectobacterium"	62.1858009862335	2.60861913844156	0.745326905681787	3.49996641548224	0.000465316778771213	0.0019762120908217
"Parvibaculum"	12.491191656854	2.64258967712954	0.379833366808551	6.95723416647991	3.47017903585836e-12	1.58026614556011e-10
"Yersinia"	95.0396307890937	2.6442035207967	0.668264377575163	3.95682249350377	7.59533267827649e-05	0.000458820096483641
"Cupriavidus"	91.5122285179888	2.66755692373746	0.590875034954977	4.51458729161018	6.34401878474231e-06	6.15681823043844e-05
"Shigella"	32.5581169749706	2.68847254881313	0.618678939395244	4.34550520087382	1.38955479340891e-05	0.00011586147009832
"Salmonella"	77.8905907442346	2.74914882413384	0.65715904203644	4.18338430772348	2.87201277328858e-05	0.000209905131084795
"Citromicrobium"	47.8845194397411	2.80244228579485	0.665571559083074	4.21057998580294	2.54715919624687e-05	0.000188489780522268
"Sorangium"	14.9792259500887	2.88909737271518	0.820972255243253	3.51911694245885	0.000432985805838033	0.00192727516583546
"Geodermatophilus"	26.2198601608924	3.06891989721168	0.676725095514724	4.53495801700309	5.76149446652961e-06	5.78102495624666e-05
"Paracoccus"	53.5423388031724	3.35900737613728	0.499915196041446	6.71915437405267	1.82782184621471e-11	7.21380355306072e-10
"Serratia"	93.6361791945808	3.37007704881878	0.739366994632405	4.55805719390314	5.16289795977384e-06	5.36216770558968e-05
"Cronobacter"	66.2208885917958	3.41576267202927	0.784887174428953	4.35191551513683	1.34953267797889e-05	0.00011586147009832
"Pedobacter"	30.9458518578614	4.07783506029057	0.357135324343024	11.4181789992128	3.39268105416183e-30	2.0084671840638e-27
"Erwinia"	64.4718620267466	4.45874884013937	0.837065578085206	5.32664220925055	1.00044957479876e-07	1.91053596219635e-06
"Parabacteroides"	44.0187642098694	4.84135293705213	0.471255787513237	10.2733018147096	9.29672325131697e-25	1.83455338825988e-22
"Planctomyces"	7.16818092155629	6.00300346386443	0.577546470891659	10.3939747992859	2.64111808679609e-25	7.81770953691643e-23
