"Genus"	"baseMean"	"log2FoldChange"	"lfcSE"	"stat"	"pvalue"	"padj"
"Coraliomargarita"	67.9257720203324	-5.89719686794852	0.82894201514222	-7.11412470380905	1.1262528618653e-12	2.17366802340003e-10
"Nautilia"	27.8160258067351	-5.87588566507233	0.931493972450928	-6.30802328179518	2.82621710082835e-10	2.72729950229936e-08
"Cylindrospermopsis"	6.17119736138631	-4.46933275149846	0.8988699257637	-4.97216852338364	6.62081125209169e-07	1.91672485748054e-05
"Mesoplasma"	6.2347788558229	-4.43093121738924	0.804575528345533	-5.50716627747884	3.64655800013213e-08	1.91941552916046e-06
"Collimonas"	3.00751664690325	-4.41511978577137	1.75920252257141	-2.50972797567266	0.0120824196689434	0.0378147080449635
"Kosmotoga"	9.07266725328135	-4.33109499529184	0.796532078242681	-5.43743951260213	5.40516909302344e-08	2.60799408738381e-06
"unclassified..derived.from.Lachnospiraceae."	26.0501550431463	-4.26019277372317	0.898956813674795	-4.73904052888611	2.14732556416973e-06	4.78192885251644e-05
"Ethanoligenens"	309.748731389517	-4.24007310265223	0.580715509085993	-7.3014635158028	2.84654269787561e-13	8.24074111034989e-11
"Mucilaginibacter"	50.4879990314091	-3.83745957399416	0.655805221182398	-5.85152336401856	4.87090841330345e-09	4.028937101861e-07
"Marinococcus"	1.29997727650165	-3.821155282882	1.13140282369092	-3.37736056766804	0.000731850465522398	0.00407443672632181
"unclassified..derived.from.Clostridiales."	19.075380488263	-3.49088905024975	0.944373113724455	-3.69651465031893	0.000218579651121161	0.00154338558535552
"Nitratiruptor"	7.79101319582825	-3.27518011920198	0.665758271104125	-4.91947342054086	8.6777350702937e-07	2.28382209350002e-05
"Cyanobium"	4.85202331698737	-2.90462612891791	0.722705912108075	-4.01909833620338	5.84212856690902e-05	0.000583205593144883
"Methylovorus"	17.6287191775807	-2.9034678548165	0.794390249226796	-3.65496411573849	0.000257217952629772	0.00173173482061207
"Lyngbya"	7.79342114991903	-2.81195152358295	0.75682492922873	-3.71545837747254	0.000202835653905411	0.00144989930384238
"Ilyobacter"	19.1667721057866	-2.7170999436216	0.468349378212841	-5.80143813575604	6.57485543100177e-09	4.75855161818753e-07
"Francisella"	23.0377745036233	-2.66014172206031	0.667744429634263	-3.98377223980337	6.78298849961753e-05	0.000613648490824773
"unclassified..derived.from.Alteromonadales."	0.478886828160213	-2.64760986917011	0.672488571861318	-3.93703325224106	8.24951793312389e-05	0.000712906101981901
"Nitrospira"	11.8450942825343	-2.55697664773491	0.697964344086283	-3.66347746758081	0.000248814113195487	0.00171504013738318
"Fervidobacterium"	8.09517223432621	-2.51044246718094	0.559734857506705	-4.48505651115513	7.28946125550982e-06	0.000134876319025406
"Methylobacter"	8.52349904793853	-2.46996883063863	0.869191593323967	-2.8416851354866	0.00448757879022393	0.0167632781905784
"Halothiobacillus"	10.4923126083151	-2.40711320785523	0.842537984907004	-2.85697885552414	0.00427694328416945	0.0160801958541176
"Limnobacter"	8.50509616162863	-2.39212617264276	0.741807797114113	-3.22472503248004	0.00126093713841043	0.0063485443751273
"Dehalogenimonas"	4.7276263435473	-2.36314921213256	0.633955894980655	-3.72762400482871	0.000193293461285372	0.00139896142605288
"Bifidobacterium"	158.736946991081	-2.34814315497227	0.280647227970702	-8.3668852600155	5.91612554523734e-17	3.42543669069242e-14
"Hydrogenobaculum"	1.23611373090996	-2.34394404522979	0.598354199185463	-3.91731861900626	8.95393697829578e-05	0.000751352102961342
"unclassified..derived.from.Alphaproteobacteria."	3.48393103832727	-2.33076334298071	0.88856531138678	-2.62306362077437	0.00871429982851014	0.0289975839121113
"Fulvimarina"	12.0597665986443	-2.22941390705453	0.659534919796624	-3.3802818321462	0.000724115369927556	0.00407051261347626
"Erysipelothrix"	5.27517995925331	-2.21894897889878	0.544849200822958	-4.07259288542078	4.64926493776071e-05	0.000498504518326565
"Ktedonobacter"	17.1815506837353	-2.20851822515864	0.576739119821565	-3.82931926976259	0.000128498211425748	0.00103333978354873
"Microcystis"	7.95178930271573	-2.14310088980813	0.691275949753834	-3.10021040160777	0.00193383218670262	0.00861299104692936
"Denitrovibrio"	7.72264605047492	-2.03024863525896	0.608848589577337	-3.33457064697869	0.000854311961342592	0.00453804243685652
"Hoeflea"	9.89228782413542	-1.99748783659334	0.528295762095418	-3.78100295310066	0.000156197821157509	0.00120355624433045
"Ketogulonicigenium"	18.7470234658129	-1.96321071964549	0.640727330599116	-3.0640346148646	0.00218373641534574	0.00916219843829845
"Desulfonatronospira"	2.04311197337106	-1.86132744582834	0.762216596437367	-2.44199280693738	0.0146064376487461	0.0433698840955076
"Moorella"	17.5927392951682	-1.84456579442774	0.543012960153168	-3.39690933694739	0.000681515427557513	0.00386860227995882
"Gemmatimonas"	15.4029918447993	-1.84330640758168	0.415347256327873	-4.43798864564206	9.08034079383393e-06	0.000146257531227037
"Dokdonia"	14.5292916645599	-1.81899568545133	0.450923638805224	-4.03393286338009	5.48509955610473e-05	0.000557170639120112
"Cryptobacterium"	14.3831934529807	-1.76926781863347	0.40240201475467	-4.39676679976895	1.09875282470815e-05	0.000167415233027899
"Kingella"	4.22399659948544	-1.76335395691761	0.710097727472619	-2.4832553164108	0.0130187739491553	0.0400950538114943
"Lentisphaera"	3.27211721354149	-1.74288291489817	0.447562407187175	-3.89416735389325	9.85366068106725e-05	0.00081503850490542
"Halanaerobium"	4.72893741721977	-1.70186307239141	0.433780755109497	-3.92332544112479	8.73350500239471e-05	0.000743632264174491
"Lawsonia"	2.54771430985425	-1.67451323608817	0.539801837590098	-3.10208880274268	0.00192160304557556	0.00861299104692936
"Mariprofundus"	1.2840332265181	-1.57067213680295	0.59988927512478	-2.61827007405032	0.00883768275744877	0.0290739677077434
"Finegoldia"	20.8816289882971	-1.55660384247123	0.353893745750396	-4.39850622160788	1.08998502605826e-05	0.000167415233027899
"Labrenzia"	29.6692405830523	-1.54125751683097	0.538919681743904	-2.85990207639769	0.00423771839088538	0.0160368558713898
"Desulfatibacillum"	16.1397559807745	-1.53714177226901	0.492769910910656	-3.11939048678585	0.00181225614343332	0.00819762739881168
"Methylacidiphilum"	3.51813757012888	-1.51312404446236	0.54119936987385	-2.79587177792735	0.00517599312820294	0.0187306251326844
"Deferribacter"	3.38830348330652	-1.49913112441539	0.484388420912829	-3.09489463350565	0.00196882825649524	0.00863599667053594
"Gemella"	3.283456080011	-1.48722303203776	0.482399358703828	-3.08297058278398	0.00204945413155626	0.00874016501575568
"Filifactor"	4.74113958254082	-1.45013153424204	0.358516122749997	-4.04481539942698	5.23643686813043e-05	0.000541410169044199
"Exiguobacterium"	22.4494557488461	-1.44634532401549	0.439830337719612	-3.28841646420834	0.00100752679007579	0.00516246027835294
"Desulfotalea"	9.93889777436772	-1.34060651772082	0.461564178490856	-2.9044856169387	0.00367857104790045	0.0141992842448957
"Saccharomonospora"	27.2708859471642	-1.26241950631432	0.40912286962412	-3.08567327823585	0.00203091849420531	0.00874016501575568
"Acidimicrobium"	2.38667376217055	-1.24864757896009	0.423924560292842	-2.9454476006239	0.00322487765882823	0.0127890696195996
"Gloeobacter"	9.78706843034668	-1.24275652139072	0.501817661392356	-2.47651012908262	0.0132673860345837	0.0404306132317051
"Prevotella"	388.451667686668	-1.21081307623984	0.35375169135344	-3.4227767833627	0.000619849557542176	0.0035889289381692
"Saccharopolyspora"	75.1133035650548	-1.1604511820688	0.366395668538869	-3.16720769843298	0.00153910350054533	0.00735308402722594
"Riemerella"	11.2932468386034	-1.12549099618453	0.441287324824683	-2.55047206858178	0.010757714381683	0.0342237177307388
"Victivallis"	16.8835834262509	-1.09072961747841	0.272659562419192	-4.00033509846794	6.32528511455427e-05	0.000590700013117245
"Thermosediminibacter"	6.47570702612703	-1.08856722494403	0.310310048004544	-3.50799863537801	0.000451491365860163	0.00278099468971313
"Thermosipho"	3.61338263450655	-1.08764163826959	0.341560284022398	-3.18433286640042	0.00145088067760942	0.00711915179945637
"Butyrivibrio"	102.665431551448	-1.04424124787958	0.250499409790009	-4.16863755788869	3.06425806454544e-05	0.00037749051475996
"Subdoligranulum"	28.4644715589838	-1.03846109536793	0.241671166223762	-4.29700038939037	1.73124891177873e-05	0.000250598279979971
"Thermoanaerobacter"	24.2428005135438	-1.03014501990598	0.259951217429173	-3.96283975929698	7.40634951013111e-05	0.000659734825594755
"Alistipes"	72.354841172825	-1.02641461567856	0.242732631497152	-4.22858109083947	2.35169754967703e-05	0.000316658809596046
"Staphylococcus"	142.049980301716	-1.00842240366019	0.265573384502888	-3.79715160669359	0.000146368278415217	0.00114523288111366
"Thermoanaerobacterium"	7.71464799610215	-0.989353182271353	0.295493205848721	-3.34814189527545	0.000813553456613539	0.00441535255963777
"Granulicatella"	8.45301497694367	-0.986778202984337	0.371907645561767	-2.65328829552242	0.00797117561707556	0.026833201641202
"Dictyoglomus"	5.35836260811799	-0.956971162928958	0.32150874758192	-2.97650116871275	0.00291557971006231	0.011642211393973
"Acidaminococcus"	20.3184959787118	-0.953777646540897	0.268287556394285	-3.55505733981635	0.000377896668074473	0.00240441945950681
"Amycolatopsis"	23.015515459794	-0.946405637253492	0.370532059404883	-2.55418016668659	0.0106438165440842	0.0340484518178164
"Ruminococcus"	231.452689786517	-0.941449119510529	0.22497454986403	-4.18469164658634	2.85553451126185e-05	0.000359424887395785
"Clostridium"	846.246535591713	-0.927883592067671	0.175179700559051	-5.29675292917225	1.17880019958923e-07	4.87518082544402e-06
"Atopobium"	23.2420063556746	-0.927600877985997	0.297098511003349	-3.12219968674142	0.00179505139284492	0.00818373823982054
"unclassified..derived.from.Ruminococcaceae."	60.5271088975815	-0.924177634146876	0.265171826034701	-3.48520296430713	0.000491763873812575	0.0029971713993419
"Desulfotomaculum"	21.4869149651039	-0.87695723186694	0.197482566335424	-4.44068176821963	8.96743230593479e-06	0.000146257531227037
"Brachyspira"	12.4702414762389	-0.869403584235164	0.217160696347506	-4.00350339107369	6.24113061378235e-05	0.000590700013117245
"Alkaliphilus"	48.9351177624644	-0.857839255021598	0.154718063376447	-5.54453201068303	2.94741412257309e-08	1.7171774377313e-06
"Shuttleworthia"	9.80146737491903	-0.854901361570709	0.272045800572926	-3.14249056508241	0.00167517111867458	0.00775939262170065
"unclassified..derived.from.Erysipelotrichaceae."	38.4832766038016	-0.851098956475397	0.191768407579307	-4.43816042078475	9.07309879333888e-06	0.000146257531227037
"Candidatus.Azobacteroides"	5.4283141324964	-0.850920856891585	0.318579905994536	-2.67098094035529	0.00756299410402111	0.0256080326680013
"Parabacteroides"	76.8639574154811	-0.841034861997006	0.207241715977282	-4.05823151015215	4.94457377297242e-05	0.000520528766282006
"Pelotomaculum"	10.2716050512025	-0.834892403593486	0.249420989411524	-3.34732215425536	0.000815963253680901	0.00441535255963777
"Bacteroides"	811.750501828089	-0.823906287796912	0.181996318869334	-4.52704918932147	5.98130211572161e-06	0.000115439130833427
"Paludibacter"	34.6754118807701	-0.823426342395408	0.260990203468954	-3.15500862274073	0.0016049336196292	0.00749400456262346
"Blautia"	39.5215374393462	-0.805699334194696	0.241617152044604	-3.3346115016121	0.000854186470178485	0.00453804243685652
"Bulleidia"	5.15242190317654	-0.801382325060014	0.335655590535077	-2.38751371244111	0.0169627699453838	0.0493539889365689
"Thermaerobacter"	5.33511536969087	-0.800672484736515	0.284531534777289	-2.81400262140793	0.0048928829370346	0.017930248231285
"Slackia"	40.58437350746	-0.778086950842935	0.214414416946484	-3.62889287914413	0.000284639312897943	0.00189432370307942
"Pyramidobacter"	7.85410519480973	-0.775247900226235	0.251858474113179	-3.07810925542993	0.00208318524665817	0.00880411867018309
"Cellulosilyticum"	13.190024846768	-0.768575048387051	0.256915154870521	-2.99155201169193	0.00277563251302656	0.0112417127844016
"Veillonella"	14.980411115508	-0.768254034517368	0.252858172629688	-3.03828041833744	0.00237932434493912	0.0098402056837125
"Thermotoga"	9.79992823420733	-0.767911055153817	0.319453783158398	-2.40382520301241	0.0162245290473608	0.0479285832572547
"Anaerotruncus"	25.4121800131331	-0.754971327128188	0.209676847954885	-3.60064229547476	0.000317432044757711	0.00206509161701927
"Selenomonas"	14.7850940930504	-0.743716361658949	0.246586791954071	-3.01604297523556	0.00256096960219262	0.0105163219834718
"Symbiobacterium"	11.058539794448	-0.737246017085335	0.204349836943688	-3.60776415636923	0.00030884703293024	0.00203207309166601
"Anaerostipes"	10.1122238114506	-0.729246679269918	0.257016438636289	-2.83735422971094	0.00454891130595918	0.0168834592701947
"unclassified..derived.from.Bacteroidetes."	14.459434492388	-0.722508133652402	0.222021638363432	-3.25422395302621	0.00113702604726115	0.0057748954505632
"Caldanaerobacter"	23.3917717637568	-0.717220086856558	0.246181118358659	-2.91338381935387	0.00357534850926387	0.0138934683682133
"Caldicellulosiruptor"	36.736713066996	-0.685007558246978	0.271734656712578	-2.52086931617092	0.011706531981068	0.0368374022665128
"Acetivibrio"	15.0456932965474	-0.679393718465047	0.219464508430975	-3.09568833394638	0.00196356631376263	0.00863599667053594
"Chthoniobacter"	5.98667712565442	-0.66145222876497	0.267033961966945	-2.47703409668486	0.0132479245276526	0.0404306132317051
"Sphaerobacter"	13.8848692768392	-0.659430898589558	0.245067801790263	-2.690810027969	0.00712787712170907	0.0243995371345239
"Roseburia"	58.736871303393	-0.652625756773592	0.249222197075689	-2.61865020223455	0.00882784182509615	0.0290739677077434
"Brevibacillus"	6.29119640642435	-0.650203754042339	0.241708208001067	-2.69003588839428	0.00714443352847365	0.0243995371345239
"Porphyromonas"	49.2281221019511	-0.588320358776742	0.23641165767716	-2.48854208188051	0.0128268056204547	0.0397150826430121
"Rhodospirillum"	15.7822479944394	0.712531593489539	0.273898635160326	2.60144265805655	0.00928325831046294	0.0301966660772924
"Streptomyces"	682.555464332486	0.714127488794341	0.253447107924412	2.81765885846022	0.00483751775580487	0.0178402724879683
"Gemmata"	13.8853854995315	0.799385615006307	0.333600772458034	2.39623430460392	0.016564497863831	0.0486844886454728
"Starkeya"	7.5483407446668	0.81802119946666	0.296516464488333	2.75877159427971	0.0058019071026138	0.0204835622708134
"Parvibaculum"	11.3100584709739	0.835296445039351	0.244543966798211	3.41573115041766	0.000636110160394066	0.00364661171156599
"Sphingobium"	30.6071962329925	0.862263062794102	0.259972541505654	3.31674667563055	0.000910721517403777	0.00475052034753862
"Aurantimonas"	9.15319499558436	0.902573002937655	0.246697932916554	3.65861599352335	0.000253580965794654	0.00172733387288359
"Rhizobium"	43.926462068617	0.912453485302756	0.223954974112086	4.07427202240254	4.61585043814673e-05	0.000498504518326565
"Chelativorans"	18.7220052069117	0.920318457525132	0.245295994935947	3.75186907460699	0.000175521124263417	0.00130290680703229
"Xanthomonas"	342.257664588053	0.921586548768356	0.22145312511204	4.16154230518127	3.16105421857797e-05	0.000381302165115968
"Sagittula"	3.03670696658584	0.9358945140104	0.382672181406189	2.44568212555015	0.0144578406777015	0.0431499471772638
"Roseovarius"	9.89436077621183	0.940385424870461	0.382436305762027	2.45893345036029	0.0139350446417975	0.042242884018852
"Acidovorax"	62.8545992254928	0.957008445318791	0.325644193006954	2.93881624751821	0.00329468343062808	0.0129770184104331
"Anabaena"	8.21450956570098	0.99277457593185	0.358625244558565	2.76827856096373	0.00563532665550571	0.0201940713794677
"Xanthobacter"	15.8984128082956	1.00623882082832	0.242537263091431	4.14880092239266	3.34221297361823e-05	0.000394926798311215
"Pelagibaca"	3.13684655526188	1.01259669252377	0.423642185237117	2.39021685707955	0.0168384271213027	0.0492396429456275
"Roseobacter"	33.537848365135	1.01448259712744	0.304705589121802	3.32938624477253	0.000870376103614069	0.00458134330902314
"Oceanicola"	6.84173019091727	1.02224180185094	0.395437935937849	2.58508784552123	0.00973541898694261	0.0313155977413321
"Leuconostoc"	7.89279616908703	1.06209633338809	0.426514676491616	2.49017534900459	0.0127680084650516	0.0397150826430121
"Beijerinckia"	4.28646044820647	1.06643161365488	0.380049912181122	2.80603041725384	0.00501559575104745	0.0182643392443803
"Alcanivorax"	16.4785391488345	1.06963378492709	0.392034848575188	2.72841506007584	0.00636394773378326	0.0223316711385485
"Azorhizobium"	9.80950970920217	1.07737329025842	0.281810255438198	3.82304500800785	0.000131813707468788	0.00104548132362231
"Ruegeria"	22.9503446344297	1.09712714798448	0.355925573262008	3.08246226290926	0.00205295758573881	0.00874016501575568
"Sphingomonas"	49.6198227901445	1.11284289147472	0.211684922938099	5.25707204853759	1.46366981415473e-07	5.64976548263725e-06
"Citromicrobium"	5.24487835015598	1.12478161117544	0.323835578826687	3.4733107932449	0.000514079684790716	0.00306857873704974
"Verminephrobacter"	17.7004177621165	1.13211649255629	0.357667446666695	3.16527686013117	0.00154935449278336	0.00735308402722594
"Polaromonas"	32.540001095691	1.13490866713425	0.386581155638172	2.93575786243571	0.00332733935542876	0.0130170911269814
"Caulobacter"	308.592986227915	1.13660883132163	0.37995094727153	2.99146202814797	0.00277645065314237	0.0112417127844016
"Pseudoalteromonas"	20.1466772133917	1.13807468441619	0.449797348770704	2.5301942919996	0.0113999379987185	0.0360686562910275
"Arcobacter"	12.4888217939697	1.14675389544356	0.439843039581127	2.60718891115258	0.00912889800187167	0.0298623273620548
"Albidiferax"	15.082035340013	1.14997819853431	0.443269682363705	2.5943082603848	0.00947814640048589	0.0306583618205661
"Variovorax"	17.7075479888659	1.15929456876418	0.313905330292141	3.69313438445046	0.000221506891732138	0.00154521072666154
"Rhodobacter"	46.9686833181356	1.18571283106621	0.331425735653152	3.57761242870739	0.000346747087819306	0.0022307395983042
"Paracoccus"	48.9975022200091	1.19188689828567	0.370412834880545	3.21772569967788	0.00129211322878337	0.00644942723677217
"Bartonella"	4.25300187517109	1.19708625971703	0.488332033475872	2.45137770544429	0.0142310535709896	0.0428587132505572
"Sinorhizobium"	52.6352885142627	1.19857656149137	0.241020829179565	4.97291692826437	6.59529276664801e-07	1.91672485748054e-05
"Idiomarina"	13.2205980722403	1.20908984596968	0.437770967045957	2.76192332746167	0.00574619707655701	0.0204113380817577
"Mycoplasma"	27.8104982761504	1.22483220057831	0.427176737199733	2.86727270920097	0.00414026079095912	0.015771124986614
"Afipia"	11.3190902216971	1.23842224536691	0.414384526477472	2.9885822617323	0.00280275040861724	0.0112693922679818
"Sphingopyxis"	25.094092793408	1.24188293929505	0.195165571694845	6.36322753296273	1.97557694254337e-10	2.28771809946522e-08
"Leifsonia"	36.8335598400622	1.30198562635901	0.425919474509455	3.05688212040209	0.0022365221101205	0.0093161604443149
"Hyphomonas"	9.11645717209641	1.30331244361698	0.316571862103715	4.1169560521143	3.83909243918539e-05	0.000435849906331048
"Magnetospirillum"	20.4359081757772	1.32932803107941	0.382413077828914	3.47615734960333	0.000508653755405936	0.00306781796229205
"Stenotrophomonas"	250.36884238923	1.3348901217963	0.266133881586753	5.01585936310464	5.2796939545357e-07	1.69830155537565e-05
"Alicycliphilus"	8.43654730151233	1.33612873799115	0.496863591574872	2.68912587005242	0.007163940091311	0.0243995371345239
"Methylibium"	13.8275398022227	1.34398432244104	0.335468598252589	4.006289499052	6.1680044046374e-05	0.000590700013117245
"Sulfitobacter"	5.14409264381967	1.34568724273944	0.463854026340776	2.90110070479546	0.00371854353342426	0.0142585212308122
"Phenylobacterium"	28.512994680567	1.34741768185912	0.329115193620628	4.09406100956948	4.23882695955806e-05	0.000471977078766176
"Rhodopseudomonas"	145.654985530345	1.35105770209412	0.281905133911327	4.79259701073446	1.64636117739446e-06	3.81297248684556e-05
"Bradyrhizobium"	217.10657167315	1.40183280901626	0.334078366116912	4.1961196868572	2.71526798050222e-05	0.000349364480157952
"Nitrosomonas"	10.2273328019701	1.43838361740422	0.543535630803995	2.6463465058888	0.00813664224021999	0.027231883566979
"Methylocella"	7.90207034594018	1.43873990035168	0.419627542341396	3.42861169770684	0.000606676834879683	0.00358434578974833
"unclassified..derived.from.Gammaproteobacteria."	20.6465852634182	1.474298117958	0.532733375849796	2.76742210041985	0.00565015468648318	0.0201940713794677
"Saccharophagus"	14.0890955110235	1.48906567637016	0.464661749619957	3.20462288447039	0.00135239546540776	0.00669262371342815
"Novosphingobium"	21.6745539382447	1.50428221286594	0.425715787476367	3.53353635716282	0.000410039689272033	0.00258057587052725
"Agrobacterium"	43.7208288096869	1.50798777616712	0.324313174067406	4.64978883606403	3.32275050724457e-06	6.87097337033788e-05
"Brevundimonas"	37.4913061906481	1.5080253141197	0.222316786310345	6.78322738983172	1.17520441899142e-11	1.70110839649008e-09
"Zymomonas"	7.30776685324018	1.50988318568253	0.377003161116248	4.00496160618919	6.20275548134741e-05	0.000590700013117245
"Cellvibrio"	16.320657854035	1.57787451610277	0.498264863608547	3.16673847855827	0.00154158886903258	0.00735308402722594
"Helicobacter"	152.209073979415	1.60314143492815	0.512418064576789	3.12858102739255	0.00175652573064246	0.00807165395271415
"Candidatus.Sulcia"	2.33420747695276	1.65332690189211	0.614427836847725	2.69083983950724	0.00712724023612508	0.0243995371345239
"Histophilus"	21.080051280356	1.66980017907906	0.498619464463171	3.34884676208301	0.000811486637875303	0.00441535255963777
"Burkholderia"	228.369386770408	1.70278192491437	0.403804923609274	4.21684289952343	2.4774644483182e-05	0.000326011798994599
"Herminiimonas"	10.4029919195376	1.73892651287835	0.460255278515363	3.77817831549391	0.000157979748824032	0.00120355624433045
"Mesorhizobium"	42.2552165405329	1.73938529478015	0.435884631973527	3.99047171473986	6.59420132951888e-05	0.000606038503141497
"Ralstonia"	205.392562812388	1.78433472751069	0.350992647705941	5.08368120863203	3.70189065426251e-07	1.26082040518705e-05
"Xenorhabdus"	3.14456787361062	1.82077842280816	0.743179578215922	2.44998446698324	0.0142862377501857	0.0428587132505572
"Proteus"	7.69899072244402	1.84030357023225	0.682760343996469	2.69538731476439	0.00703068539634328	0.0243995371345239
"Delftia"	30.9197744122639	1.84854859990285	0.489856524068283	3.77365311897974	0.000160874405439086	0.00120969195778222
"Pseudomonas"	442.249200013192	1.88249330044041	0.424207462152118	4.43767134809467	9.09373251152562e-06	0.000146257531227037
"Marinobacter"	20.5729876142405	1.95747360684927	0.619455870449722	3.15998879053024	0.00157775208856144	0.00742697934371605
"Dialister"	19.3119541942663	1.96950396233549	0.498437896193974	3.95135277107629	7.77106742272785e-05	0.000681734551175671
"Methylobacterium"	70.600613372357	1.9969365438801	0.390230162737981	5.11733006456741	3.09891050792866e-07	1.12141824005668e-05
"Escherichia"	193.616690137256	2.02459162050053	0.573744659720415	3.52873283646267	0.000417554443439746	0.0025996131478668
"Nitrobacter"	44.3870498404862	2.05828348422865	0.41916806775647	4.91040144170638	9.08901297096586e-07	2.28806022182141e-05
"Lactobacillus"	211.021886620187	2.1050126682923	0.457849225518135	4.59761107143976	4.27362809736625e-06	8.53251954612089e-05
"Ochrobactrum"	16.5014246918985	2.12590767917034	0.439970839188241	4.83192859575125	1.35216754555723e-06	3.26210420365681e-05
"Klebsiella"	80.1350195758686	2.24607249557845	0.708648204591136	3.16951694935056	0.00152692552276334	0.00735308402722594
"unclassified..derived.from.Rickettsiales."	44.4423258566021	2.2579096896266	0.53046651573372	4.25646034699014	2.07688851672075e-05	0.000293297183214955
"Dickeya"	11.8127837612812	2.36126349500952	0.764748287366493	3.08763489113631	0.00201756182778519	0.00874016501575568
"Hahella"	36.7320423627093	2.40831975473159	0.451358986729654	5.33570799638045	9.51724592351093e-08	4.23883491516371e-06
"Cupriavidus"	67.7077495522396	2.52701528869798	0.58692145619294	4.30554252538226	1.66576985563936e-05	0.000247302755491074
"Photorhabdus"	18.0176606549246	2.52761015574242	0.763478144049328	3.31065162171703	0.000930790108477514	0.00481185243579
"Enterobacter"	76.656381106097	2.59356607473236	0.757081011998233	3.42574444957604	0.000613116944509953	0.00358580516031579
"Salmonella"	63.0739184706286	2.7378500028584	0.713165938713497	3.8390083629026	0.000123532223445098	0.00100739658274242
"Yersinia"	75.8712539245989	3.02712851119679	0.715113326370705	4.23307523376731	2.30517347831238e-05	0.000316658809596046
"Pectobacterium"	49.7524523059525	3.130299589423	0.757202847365022	4.1340303992729	3.5645629483379e-05	0.000412776389417528
"Citrobacter"	37.2603362030833	3.371826882378	0.720175728690417	4.68195017972822	2.84158550587467e-06	6.09362225148679e-05
"Sodalis"	11.416537457248	3.59276389088717	0.961789386850895	3.73549962185656	0.000187342861140996	0.00137305717215996
"Cronobacter"	54.4053716461842	3.77637396989927	0.842886785900687	4.48028612272517	7.45430433301034e-06	0.000134876319025406
"Serratia"	75.8772004881681	3.98415039046119	0.80822432659312	4.92951060661022	8.24358602284037e-07	2.2728744320117e-05
"Erwinia"	53.3351075951398	5.0411078358932	0.909381631847459	5.54344585303742	2.9657641411594e-08	1.7171774377313e-06
