"Genus"	"baseMean"	"log2FoldChange"	"lfcSE"	"stat"	"pvalue"	"padj"
"Citromicrobium"	451.489582627581	-1.93189620593196	0.448781038525065	-4.3047634371568	1.67164266123692e-05	0.000282321871675568
"unclassified..derived.from.Rickettsiales."	634.658224009912	-1.76926002766052	0.438262179188815	-4.03698998379295	5.41413794478019e-05	0.00073151019342808
"Paracoccus"	787.741091455264	-1.59241273661394	0.279097421409703	-5.70558025427383	1.1594740972464e-08	4.4060015695363e-07
"Geodermatophilus"	410.577795971246	-1.48676100722709	0.335660542172262	-4.42935889218722	9.45136284233322e-06	0.000174134200246624
"Cronobacter"	934.199785754583	-1.31870791942141	0.324656905594827	-4.0618508237344	4.86851854086128e-05	0.000688385877405502
"Cupriavidus"	1479.2128486776	-1.11949674895021	0.236614164259224	-4.73131755427683	2.23067249333941e-06	5.65103698312651e-05
"Achromobacter"	897.150454801111	-0.955490281780285	0.301876297860385	-3.16517159032535	0.00154991518289441	0.0130881726555528
"Nitrobacter"	925.690134950646	-0.935951500098531	0.236655169095323	-3.95491678325241	7.65612957856418e-05	0.000969776413284796
"Enterobacter"	1597.8778581393	-0.889425075584971	0.307397499950426	-2.89340373857435	0.00381091085136982	0.0272592211486218
"Moraxella"	306.805958617197	-0.87384829236662	0.287924042165526	-3.03499591695871	0.00240538943293524	0.0179106026007079
"Brevundimonas"	761.155327356608	-0.833359995633797	0.301114362728081	-2.76758633525016	0.00564730853947461	0.038150706577784
"Methylobacterium"	2037.91448146552	-0.817132370333235	0.201879850656399	-4.04761727174051	5.17416600060553e-05	0.000714975665538219
"Ochrobactrum"	481.801700801701	-0.789689212132584	0.178062540042017	-4.43489805293264	9.21158696549016e-06	0.000174134200246624
"Mesorhizobium"	1012.09277539398	-0.760536301584795	0.220052355229593	-3.45616069771799	0.000547928555351286	0.00520532127583721
"Azotobacter"	462.363687795415	-0.718821664837519	0.269146149247411	-2.6707484645331	0.00756823365477593	0.0483360290016347
"Delftia"	591.036647145526	-0.703995720921291	0.25428020933447	-2.76858243417317	0.005630074095892	0.038150706577784
"Novosphingobium"	571.37724029759	-0.701242598967616	0.21504740908834	-3.2608744366669	0.00111069212729473	0.0100791166178387
"Pseudomonas"	9900.28658007835	-0.697605132241605	0.228959799089366	-3.04684549434515	0.00231256545306022	0.0175754974432577
"Hahella"	937.747443149252	-0.69360092201352	0.175850256936366	-3.94427016540847	8.00433793452061e-05	0.00099319131922215
"Parvibaculum"	415.779979227323	-0.519101886404117	0.125890902417238	-4.1234265259587	3.73277565201965e-05	0.000553543316201938
"Burkholderia"	7488.30832688808	-0.422898782079456	0.155062738514109	-2.72727533469284	0.00638597281602404	0.0417491556144368
"Coprobacillus"	1713.16525564596	0.356337703809949	0.126918245659881	2.80761605202826	0.00499096929959909	0.0348794176339798
"Rubrobacter"	795.203680511152	0.402855757911836	0.131327459770249	3.06756681821618	0.002158092069024	0.0170405191943713
"Hirschia"	178.069169074364	0.450151793232663	0.16316735555946	2.7588348888122	0.00580078353393893	0.038756883391592
"Acidimicrobium"	103.841430668338	0.580901346734341	0.181688610901731	3.19723588534963	0.00138751410613078	0.0120515510932502
"Oscillochloris"	184.763095692816	0.584013801361798	0.207006925337318	2.82122832562315	0.00478401394604838	0.0338218660371792
"Gloeobacter"	580.690686160043	0.584895793323555	0.181336013663711	3.22548059542241	0.00125761360704759	0.0112445451924255
"Pirellula"	482.334017395207	0.592821719318915	0.194533793085758	3.04739711242651	0.00230832533735072	0.0175754974432577
"Legionella"	1031.08551097269	0.600049306398852	0.224911896478108	2.66793049098342	0.00763200457920549	0.0483360290016347
"Eremococcus"	342.230038851247	0.60612986290182	0.164430353395681	3.68624071155064	0.000227591095229832	0.00242763834911821
"Desulfotalea"	1081.38954206723	0.622653158772133	0.228294602104604	2.72741077989586	0.00638335176411565	0.0417491556144368
"Gemella"	417.012432064799	0.636632591568992	0.177478090728139	3.58710525314466	0.000334369379793399	0.00333273086744896
"Halorhodospira"	306.25434448937	0.657674450527945	0.185431679551354	3.5467211002951	0.000390057285266107	0.00376436237209195
"Dokdonia"	1445.28352476715	0.687047109070607	0.256263823329525	2.68101482348972	0.00733992644747828	0.0474752689368808
"Ktedonobacter"	482.458951673038	0.725089932033791	0.210620002331527	3.442645161937	0.000576054611465829	0.00538832621186499
"Parascardovia"	511.412511049482	0.731528118230385	0.244670967658658	2.98984438256256	0.00279119608374174	0.0204463520351202
"unclassified..derived.from.Burkholderiales."	461.553135656848	0.760045218767416	0.250532314210353	3.03372130322982	0.00241557469285863	0.0179106026007079
"Erythrobacter"	502.63308794046	0.769331583837453	0.213963118365814	3.5956270861697	0.000323611097465293	0.00331192494920464
"Spiroplasma"	1.31879666494503	0.776354925401627	0.247078524982096	3.14213841716064	0.00167718726883602	0.0139689021842781
"Congregibacter"	271.20744258337	0.784316408125923	0.208301224454038	3.76529907676555	0.000166349846488659	0.00187297604935379
"Stackebrandtia"	404.260611000231	0.806612664819505	0.251827257288405	3.20303954982813	0.00135985304429919	0.0119824732019407
"Granulicatella"	807.959198030574	0.808964104186261	0.193123732183248	4.18883839412686	2.80385974465833e-05	0.000437114544808273
"Ilyobacter"	1761.00995427197	0.810406406495684	0.261913903220277	3.09417101013576	0.00197363689116554	0.0162158274301169
"Exiguobacterium"	2200.54246625841	0.845759116373381	0.236455424688099	3.57682263999228	0.000347795977093727	0.00341064442053203
"Dehalogenimonas"	381.189664201359	0.853554104395283	0.230528576815724	3.70259564425968	0.000213404867689487	0.00231696713491443
"Actinosynnema"	740.902962070843	0.950624504059269	0.299557637870148	3.17342769431019	0.0015065042071734	0.0129007684219919
"Moritella"	218.301482479622	0.95784208022101	0.266582182768267	3.59304613036963	0.000326834698934669	0.00331192494920464
"Saccharomonospora"	520.787963414198	0.964140744071978	0.315132170615159	3.05948054173559	0.0022172119028459	0.0172828825247475
"Ketogulonicigenium"	264.031350040263	0.968750730474158	0.325722750508158	2.9741574052252	0.00293794324004229	0.0212651129755442
"Desulfatibacillum"	1223.59124770837	0.995906245163232	0.247854603592658	4.01810670743068	5.86676299932619e-05	0.000775433022519636
"Mitsuokella"	2570.86496477924	1.00269342100541	0.324843454391681	3.08669732281695	0.00202393566261749	0.0164073717716191
"Microcystis"	463.561221923688	1.03467132218607	0.257835854267742	4.01290706881923	5.99755293491198e-05	0.000775853656260954
"Citreicella"	149.09036537832	1.04268498268669	0.306272724317594	3.40443304251102	0.000663015527107329	0.00610777940123115
"Eikenella"	147.122985673033	1.09954300470232	0.262959726206655	4.18141219023862	2.89704132043638e-05	0.000440350280706329
"Oceanithermus"	287.800915924028	1.10294669557191	0.246080246286165	4.48206108461589	7.39255752823472e-06	0.000144989515392475
"Gallionella"	277.205673903705	1.1048659846159	0.252359605698928	4.37814119084509	1.19695801477369e-05	0.000207928706566402
"Simonsiella"	322.830039119412	1.1361095833192	0.368996777211432	3.07891465043397	0.00207756191787002	0.0166204953429602
"unclassified..derived.from.Thiotrichales."	0.343082481038372	1.1531046921152	0.272216009603915	4.23599146057946	2.27545424653616e-05	0.00037391248159297
"Amycolatopsis"	645.507657806765	1.16356457880614	0.303123706329648	3.83857994115695	0.00012374792631492	0.00141959885282022
"Kosmotoga"	632.196908149809	1.17907914307675	0.31586816300754	3.73282046487415	0.000189347561031672	0.00209315122013194
"Nitrospira"	358.59163637519	1.19271102536342	0.264753370702194	4.50498900996065	6.63763776492829e-06	0.00013452279203588
"Nitratiruptor"	483.357028216332	1.19837666347559	0.263768710568435	4.54328589957858	5.53840541880933e-06	0.000124716684986521
"Edwardsiella"	628.064299039258	1.23004031702886	0.299627099022291	4.10523721333147	4.03900199349326e-05	0.000584693621915215
"Pediococcus"	1312.88640107872	1.26512312380515	0.208425343350205	6.06991023005986	1.27981768942004e-09	6.48440962639487e-08
"Nocardia"	1478.99800038329	1.28082833836187	0.33302434465477	3.84605017296752	0.00012003719320661	0.00140351179749267
"Mucilaginibacter"	1874.36292621139	1.28648293536401	0.304297756422281	4.22771087927025	2.36080876853283e-05	0.000377729402965253
"Gordonia"	701.921405947103	1.28922658029607	0.35714446336774	3.60981818992555	0.000306411697202959	0.00321203986033447
"Gemmata"	685.107062380176	1.29790517362907	0.295162418519545	4.39725755107648	1.09627232885884e-05	0.000196039287042993
"Acetobacter"	815.745189121237	1.31173092623305	0.335787299656578	3.90643400621347	9.36682098363004e-05	0.00113900543160941
"Fervidobacterium"	1197.01006138822	1.38855556937567	0.306562970614287	4.52943017414432	5.91429755428494e-06	0.000128424746893044
"Saccharopolyspora"	2049.48843848395	1.39614930884989	0.302677479730611	4.61266332101247	3.97541953467902e-06	9.29636568109556e-05
"Mesoplasma"	396.747440696599	1.43967611209998	0.303242162746525	4.7476119384605	2.05832476626297e-06	5.44113677342558e-05
"Kingella"	355.141699605885	1.47325337271435	0.32626090058575	4.5155682770119	6.3147196324705e-06	0.000132391363329037
"Brevibacterium"	1500.19647008571	1.48953160038153	0.384098347187062	3.87799533970946	0.000105320734363934	0.00125558836261318
"Ethanoligenens"	18405.068007947	1.52640261874926	0.316960344117702	4.81575265510954	1.46646082674137e-06	4.05276446663071e-05
"Lyngbya"	332.530435848069	1.81343843087094	0.312719964295279	5.79892120081797	6.67428831411632e-09	2.70531152998848e-07
"Coraliomargarita"	1195.87890799059	1.84706368684716	0.359003537288657	5.14497350303829	2.67558572961163e-07	8.13378061801935e-06
"Halothiobacillus"	353.310081260479	1.92377554860605	0.328534338568848	5.85563005981764	4.75204958626806e-09	2.06374724889356e-07
"Phaeobacter"	185.589065986706	1.92783548597957	0.381705513171776	5.05058328856781	4.40463005856369e-07	1.27524527409844e-05
"Oxalobacter"	1172.16756674747	1.97005575624707	0.294958009454183	6.67910581540957	2.40404540911367e-11	1.32878146249192e-09
"Bifidobacterium"	23026.3380553316	2.02444472643329	0.273556120773955	7.40047314863824	1.35700108391566e-13	1.1786523700296e-11
"Methylobacter"	343.048621670981	2.07651981358769	0.349284678707456	5.94506412726703	2.76348647759172e-09	1.29246136798136e-07
"Limnobacter"	362.905988054575	2.08548639093956	0.39955285844454	5.219550672365	1.79357738722162e-07	6.0583058412819e-06
"Nautilia"	494.28581032508	2.08816190649423	0.374057560318728	5.58246143912968	2.37138198522485e-08	8.48117792362769e-07
"Ornithobacterium"	19.9291216113676	2.28492822826328	0.821017457647165	2.7830446319757	0.00538513975682757	0.0372064201380814
"Pelagibaca"	293.303723514501	2.41217727294547	0.353305974416213	6.82744546545311	8.64399690291978e-12	5.76639075419222e-10
"Parachlamydia"	401.147667013312	2.45215387422039	0.341132582664643	7.18827224027154	6.56163299802224e-13	4.9868410784969e-11
"Labrenzia"	1140.08855509345	2.60205614037319	0.381862341037259	6.81412085126063	9.48419531939509e-12	5.76639075419222e-10
"Gemmatimonas"	1103.60692384234	2.80599678635241	0.299627462973308	9.36495192565971	7.60849207072578e-21	1.54198772633376e-18
"Cylindrospermopsis"	255.062801722345	2.85345340417205	0.381650879590899	7.4766063875727	7.62664053302366e-14	8.28991963729113e-12
"Hoeflea"	449.655307838162	2.95923506101152	0.396288362488456	7.46737815470855	8.18084174732677e-14	8.28991963729113e-12
"Listonella"	11.8483243837697	3.12318583518327	0.605140802522655	5.16108948886544	2.4551677375909e-07	7.8565367602909e-06
"Fulvimarina"	875.427912569904	3.97684865535037	0.422828193791938	9.40535355432629	5.18555727563722e-21	1.54198772633376e-18
"Leptospirillum"	34.8050182888032	4.47995127740367	0.536477212079953	8.35068326580851	6.78691962671729e-17	1.03161178326103e-14
"Marinococcus"	31.995286727019	5.49364345084179	1.17278648338411	4.68426566018199	2.8096540630847e-06	6.83307868142198e-05
"Fluoribacter"	619.221554291755	9.90246409870492	0.632934216949376	15.6453290618936	3.57516443305985e-55	2.17369997530039e-52
